13
4
0 25
35 25
35 64
0 64
4
110 0
185 0
185 54
110 54
4
360 0
516 0
516 44
360 44
4
0 165
38 165
38 320
0 320
20
111 90
258 90
258 73
285 73
285 90
405 90
405 119
285 119
285 155
258 155
258 119
175 119
175 193
230 193
230 293
102 293
102 192
148 192
148 119
111 119
4
490 73
598 73
598 120
490 120
4
535 156
563 156
563 193
535 193
8
435 165
489 165
489 239
598 239
598 275
489 275
489 310
435 310
4
268 304
294 304
294 340
268 340
12
323 174
351 174
351 378
545 378
545 404
351 404
351 560
323 560
323 404
176 404
176 378
323 378
12
66 388
102 388
102 452
257 452
257 487
102 487
102 543
65 543
65 561
0 561
0 516
66 516
4
223 534
268 534
268 598
223 598
10
388 452
498 452
498 553
462 553
462 497
435 497
435 597
415 597
415 497
388 497
